parval  ppERK_auc  ppERK_peak
CaC1000     3.0    , 10815.63    , 21.571
CaC1000     20.0    , 10987.095    , 20.915
CaC1000     40.0    , 11549.077    , 22.739
CaC1000     80.0    , 12015.108    , 21.854
CaC1000     300.0    , 15047.944    , 22.122
CaC1000cAMPC500     3.0    , 12363.725    , 27.155
CaC1000cAMPC500     20.0    , 13015.486    , 29.117
CaC1000cAMPC500     40.0    , 13218.843    , 28.958
CaC1000cAMPC500     80.0    , 13663.454    , 27.419
CaC1000cAMPC500     300.0    , 5989.362    , 20.783
CaC500     3.0    , 1762.132    , 16.109
CaC500     20.0    , 1477.639    , 16.003
CaC500     40.0    , 1245.277    , 15.388
CaC500     80.0    , 1343.457    , 15.909
CaC500     300.0    , 1330.434    , 15.197
CaC500cAMPC500     3.0    , 3286.008    , 23.444
CaC500cAMPC500     20.0    , 3113.721    , 23.605
CaC500cAMPC500     40.0    , 3462.088    , 21.922
CaC500cAMPC500     80.0    , 3264.642    , 20.0
CaC500cAMPC500     300.0    , 3557.672    , 18.888
GbgC100     3.0    , 5278.996    , 18.101
GbgC100     20.0    , 4684.048    , 17.086
GbgC100     40.0    , 6842.742    , 18.672
GbgC100     80.0    , 5068.261    , 17.278
GbgC100     300.0    , 4188.85    , 17.062
GbgC100CaC1000cAMPC500     3.0    , 17136.809    , 27.864
GbgC100CaC1000cAMPC500     20.0    , 17010.211    , 29.497
GbgC100CaC1000cAMPC500     40.0    , 17739.185    , 28.6
GbgC100CaC1000cAMPC500     80.0    , 18430.13    , 26.976
GbgC100CaC1000cAMPC500     300.0    , 22382.356    , 26.302
GbgC100CaC500cAMPC500     3.0    , 9051.974    , 23.984
GbgC100CaC500cAMPC500     20.0    , 8688.182    , 24.095
GbgC100CaC500cAMPC500     40.0    , 9641.71    , 23.274
GbgC100CaC500cAMPC500     80.0    , 10351.097    , 21.687
GbgC100CaC500cAMPC500     300.0    , 5364.996    , 19.66
GbgC100cAMPC500     3.0    , 7540.696    , 23.657
GbgC100cAMPC500     20.0    , 7019.407    , 22.496
GbgC100cAMPC500     40.0    , 6146.069    , 21.06
GbgC100cAMPC500     80.0    , 7322.827    , 20.125
GbgC100cAMPC500     300.0    , 9465.285    , 21.661
cAMPC1000     3.0    , 1151.562    , 21.319
cAMPC1000     20.0    , 1238.95    , 21.702
cAMPC1000     40.0    , 1074.075    , 21.713
cAMPC1000     80.0    , 1342.216    , 18.951
cAMPC1000     300.0    , 1651.635    , 18.02
cAMPC500     3.0    , 1048.725    , 20.703
cAMPC500     20.0    , 1048.61    , 21.785
cAMPC500     40.0    , 1411.844    , 20.332
cAMPC500     80.0    , 1450.213    , 20.005
cAMPC500     300.0    , 1568.492    , 17.414
